

Instance: /Random/random-5-10-1-uncorr.in
Sol: 0 4 1 3 2 0 7 3 4 8 9 5 1 2 -7 
FO: 1576.00000
Best time: 0.008
Total time:5.051 


Instance: /Random/random-5-10-1-strongly-corr.in
Sol: 0 4 1 3 2 0 9 3 4 5 2 1 -7 8 7 
FO: 1473.00000
Best time: 0.007
Total time:5.059 


Instance: /Random/random-5-10-2-strongly-corr.in
Sol: 0 2 1 4 3 0 3 5 6 -3 4 -2 7 9 8 
FO: 1670.00000
Best time: 0.007
Total time:5.980 


Instance: /Random/random-5-10-2-uncorr.in
Sol: 0 2 1 4 3 0 3 -3 5 8 4 7 9 -2 6 
FO: 1629.00000
Best time: 0.006
Total time:5.082 


Instance: /Random/random-5-10-3-strongly-corr.in
Sol: 0 4 2 1 3 0 -4 -2 6 4 8 -6 7 2 9 
FO: 2279.00000
Best time: 0.006
Total time:5.045 


Instance: /Random/random-5-10-3-uncorr.in
Sol: 0 3 1 2 4 0 1 5 2 6 -10 8 -8 4 3 
FO: 2259.00000
Best time: 0.007
Total time:5.060 


Instance: /Random/random-10-20-1-strongly-corr.in
Sol: 0 8 2 3 5 9 7 6 4 1 0 -9 7 19 12 15 2 -4 10 13 17 -2 14 -17 18 6 11 4 -6 9 
FO: 1703.00000
Best time: 0.061
Total time:10.483 


Instance: /Random/random-10-20-1-uncorr.in
Sol: 0 5 9 7 6 4 1 3 2 8 4 16 7 -2 14 5 18 9 -11 8 -3 11 -16 -18 13 -20 6 -4 -1 12 
FO: 1820.00000
Best time: 0.098
Total time:10.683 


Instance: /Random/random-10-20-2-strongly-corr.in
Sol: 0 3 2 8 1 5 6 7 4 9 -20 12 -6 16 18 15 10 -9 4 14 -18 13 -2 7 3 9 11 -3 0 -7 
FO: 1945.00000
Best time: 0.085
Total time:10.459 


Instance: /Random/random-10-20-2-uncorr.in
Sol: 0 3 2 8 1 5 6 7 4 9 10 -18 14 15 7 18 4 -3 -9 12 11 -7 0 3 9 -20 16 -2 13 -6 
FO: 1793.00000
Best time: 0.082
Total time:10.255 


Instance: /Random/random-10-20-3-strongly-corr.in
Sol: 0 5 3 4 1 8 7 2 9 6 0 3 13 9 2 -7 4 -17 11 8 17 10 12 15 18 5 1 7 14 -20 
FO: 1194.00000
Best time: 0.036
Total time:10.303 


Instance: /Random/random-10-20-3-uncorr.in
Sol: 0 5 3 4 1 8 7 2 9 6 11 9 -7 18 12 10 -20 14 13 2 4 5 -17 17 15 7 8 0 3 1 
FO: 1270.00000
Best time: 0.090
Total time:10.648 


Instance: /Random/random-20-50-1-strongly-corr.in
Sol: 0 17 16 3 10 5 11 12 19 4 13 8 2 9 7 18 1 6 15 14 -1 -2 -3 -4 -5 5 -7 7 8 -10 -11 11 12 13 14 -16 -17 -18 -19 -20 -21 21 22 -24 -25 25 26 27 28 -30 -31 -32 -33 33 34 -36 36 37 38 -40 -41 41 42 -44 44 45 -47 47 -49 49 
FO: 2247.00000
Best time: 2.320
Total time:54.461 


Instance: /Random/random-20-50-1-uncorr.in
Sol: 0 17 16 3 10 5 4 11 12 19 13 8 2 9 7 18 1 6 15 14 49 44 33 -10 36 28 -44 45 11 13 2 8 27 38 47 -30 -4 -17 -49 4 -31 37 34 -33 14 -36 -19 -40 7 -21 -32 25 21 40 -25 -11 -16 -20 5 -18 -2 12 -47 -23 -24 -27 -1 -7 -42 42 
FO: 1948.00000
Best time: 2.101
Total time:30.781 


Instance: /Random/random-20-50-2-strongly-corr.in
Sol: 0 19 14 15 2 8 12 5 1 3 9 7 17 4 16 11 6 13 18 10 0 -2 2 3 -5 5 -7 7 -9 9 -11 11 12 13 -15 -16 16 -18 18 19 20 -22 22 23 24 -26 26 27 28 -30 -31 -32 32 -34 -35 -36 36 -38 38 -40 -41 41 42 -44 -45 -46 46 -48 -49 -50 
FO: 2307.00000
Best time: 2.027
Total time:92.474 


Instance: /Random/random-20-50-2-uncorr.in
Sol: 0 19 14 15 12 2 8 5 1 9 3 7 17 4 16 11 6 13 10 18 -2 -48 18 29 20 -18 42 41 13 46 7 16 -45 8 -35 36 3 33 0 -32 14 -26 45 22 -49 10 -16 35 26 -39 -5 9 -7 24 -33 -50 -40 19 -6 -38 23 -44 -3 12 -22 11 -41 -29 27 -31 
FO: 2099.00000
Best time: 3.731
Total time:25.578 


Instance: /Random/random-20-50-3-strongly-corr.in
Sol: 0 7 8 17 13 16 19 14 9 11 6 3 1 18 4 5 10 2 15 12 8 41 48 -21 10 -17 -12 -5 42 24 17 -38 -26 12 -19 33 38 35 32 -1 40 44 -15 -8 47 -44 -30 6 -14 -29 -3 26 -31 -10 5 -2 -37 27 -4 -20 -35 21 31 -50 -47 -24 15 -40 -46 -23 
FO: 2726.00000
Best time: 0.761
Total time:28.591 


Instance: /Random/random-20-50-3-uncorr.in
Sol: 0 12 15 2 10 5 4 18 1 3 14 11 6 9 19 16 13 17 8 7 0 -2 2 3 4 -6 -7 7 -9 -10 -11 11 -13 -14 -15 -16 16 17 18 19 -21 -22 22 23 -25 25 -27 -28 28 29 30 -32 -33 -34 34 -36 -37 37 -39 39 -41 -42 -43 -44 -45 45 -47 -48 48 49 
FO: 2526.00000
Best time: 2.197
Total time:29.533 


Instance: /Random/random-30-100-1-strongly-corr.in
Sol: 0 23 14 3 24 19 8 25 28 4 9 20 26 1 7 17 29 13 6 5 12 16 18 27 22 21 11 15 10 2 -1 -2 -3 -4 -5 5 6 7 8 9 -11 -12 -13 -14 -15 -16 16 17 -19 -20 -21 -22 -23 -24 24 -26 26 -28 28 29 -31 -32 -33 -34 -35 35 -37 37 -39 -40 -41 -42 -43 43 44 45 -47 -48 -49 -50 -51 -52 -53 53 -55 55 56 57 58 59 60 -62 -63 -64 -65 -66 66 -68 -69 -70 70 -72 -73 73 -75 -76 -77 77 -79 79 -81 81 82 -84 -85 -86 -87 87 -89 -90 90 91 92 -94 -95 -96 -97 -98 98 -100 
FO: 2647.00000
Best time: 12.222
Total time:71.818 


Instance: /Random/random-30-100-1-uncorr.in
Sol: 0 23 25 8 19 24 1 26 20 9 4 28 2 10 15 11 21 27 22 18 16 12 5 7 17 29 13 6 3 14 0 -2 -3 -4 -5 5 6 -8 -9 -10 10 -12 -13 13 -15 15 -17 17 -19 -20 -21 -22 -23 23 -25 25 -27 27 28 -30 -31 -32 32 33 -35 35 36 -38 38 -40 -41 -42 42 -44 -45 -46 -47 47 48 -50 -51 -52 -53 -54 54 -56 -57 57 -59 59 -61 -62 62 -64 64 -66 -67 -68 -69 69 -71 71 -73 -74 74 75 76 77 78 -80 -81 -82 -83 83 -85 -86 -87 87 -89 -90 90 -92 92 93 94 -96 96 97 -99 -100 
FO: 2365.00000
Best time: 6.614
Total time:145.463 


Instance: /Random/random-30-100-2-strongly-corr.in
Sol: 0 17 27 18 13 1 23 2 10 7 19 4 5 14 8 21 24 12 11 6 9 29 20 26 28 22 3 15 25 16 0 -2 -3 3 -5 5 -7 7 -9 -10 -11 -12 12 -14 -15 15 -17 17 18 19 -21 -22 -23 23 24 -26 -27 -28 -29 29 -31 -32 -33 33 34 35 36 -38 -39 -40 -41 -42 -43 -44 -45 45 -47 47 -49 -50 -51 -52 52 53 -55 -56 56 57 58 -60 60 -62 -63 -64 -65 65 -67 -68 68 69 -71 -72 -73 73 -75 -76 -77 -78 -79 -80 80 -82 82 -84 84 -86 86 -88 -89 -90 90 -92 -93 -94 94 95 -97 97 -99 99 
FO: 2799.00000
Best time: 8.067
Total time:79.964 


Instance: /Random/random-30-100-2-uncorr.in
Sol: 0 15 16 25 4 5 14 8 21 24 12 6 10 26 22 28 27 18 13 1 23 2 11 9 7 29 20 19 3 17 -1 -2 -3 -4 -5 5 -7 -8 -9 -10 -11 11 -13 13 14 15 16 -18 -19 19 -21 -22 -23 -24 24 25 -27 -28 -29 29 30 -32 -33 -34 34 -36 -37 37 -39 39 -41 41 -43 43 -45 -46 -47 -48 48 -50 -51 -52 -53 53 54 55 56 57 58 -60 -61 61 -63 -64 -65 -66 66 67 -69 69 70 -72 72 -74 -75 -76 76 -78 -79 -80 -81 81 -83 83 84 85 -87 -88 -89 -90 90 91 92 -94 94 -96 -97 97 -99 -100 
FO: 1837.00000
Best time: 15.378
Total time:80.085 


Instance: /Random/random-30-100-3-strongly-corr.in
Sol: 0 7 12 3 16 14 10 29 4 19 24 21 2 5 20 25 26 18 23 1 28 22 17 27 6 11 9 15 8 13 -1 1 2 -4 -5 -6 -7 7 -9 -10 10 -12 -13 -14 -15 15 -17 17 -19 -20 20 -22 22 -24 -25 25 -27 -28 28 29 -31 -32 -33 -34 -35 -36 36 37 -39 -40 40 -42 -43 43 44 -46 46 -48 -49 49 50 -52 52 53 -55 -56 -57 57 58 -60 -61 61 -63 -64 -65 -66 -67 67 -69 69 70 -72 -73 -74 74 -76 -77 -78 -79 79 -81 -82 -83 83 -85 -86 -87 87 -89 -90 90 -92 -93 -94 -95 -96 -97 -98 98 -100 
FO: 2326.00000
Best time: 15.234
Total time:72.919 


Instance: /Random/random-30-100-3-uncorr.in
Sol: 0 7 12 3 16 14 24 19 10 29 4 21 2 5 20 25 26 18 23 1 22 28 17 27 6 11 9 8 13 15 -1 -2 -3 -4 -5 -6 -7 7 -9 9 10 11 -13 -14 -15 15 -17 17 -19 -20 20 -22 22 23 -25 25 26 -28 28 29 -31 -32 -33 33 -35 -36 36 37 -39 -40 40 41 -43 43 -45 -46 -47 -48 -49 -50 -51 -52 52 -54 -55 -56 56 -58 58 -60 -61 61 -63 -64 -65 -66 -67 67 -69 -70 70 -72 -73 -74 74 -76 76 -78 -79 79 -81 -82 82 -84 84 -86 86 87 -89 89 90 -92 -93 -94 -95 95 -97 -98 98 99 
FO: 1571.00000
Best time: 9.606
Total time:69.387 
