

Instance: /Random/random-5-10-1-strongly-corr.in
Sol: 0 4 1 3 2 0 4 -7 3 5 2 9 7 8 1 
FO: 1473.00000
Best time: 0.007
Total time:31.760 


Instance: /Random/random-5-10-1-uncorr.in
Sol: 0 4 1 3 2 0 5 -7 4 3 2 9 8 1 7 
FO: 1576.00000
Best time: 0.006
Total time:32.675 


Instance: /Random/random-5-10-2-strongly-corr.in
Sol: 0 2 1 4 3 0 4 3 8 6 -3 9 5 7 -2 
FO: 1670.00000
Best time: 0.006
Total time:32.656 


Instance: /Random/random-5-10-2-uncorr.in
Sol: 0 2 1 4 3 0 -2 -3 3 4 5 6 7 8 9 
FO: 1629.00000
Best time: 0.006
Total time:32.561 


Instance: /Random/random-5-10-3-strongly-corr.in
Sol: 0 4 2 1 3 0 9 -4 2 -6 7 6 -2 8 4 
FO: 2279.00000
Best time: 0.006
Total time:32.518 


Instance: /Random/random-5-10-3-uncorr.in
Sol: 0 3 1 2 4 0 2 1 6 8 -8 -10 5 4 3 
FO: 2259.00000
Best time: 0.006
Total time:32.383 


Instance: /Random/random-10-20-1-strongly-corr.in
Sol: 0 8 2 3 5 9 7 6 4 1 0 11 -6 2 -17 -9 13 19 -4 12 14 4 18 9 15 -2 7 6 17 10 
FO: 1703.00000
Best time: 0.027
Total time:62.756 


Instance: /Random/random-10-20-1-uncorr.in
Sol: 0 5 9 7 6 4 1 3 2 8 -1 -4 14 -20 -16 7 12 -3 11 -18 9 -11 5 13 8 4 6 18 -2 16 
FO: 1820.00000
Best time: 0.035
Total time:60.818 


Instance: /Random/random-10-20-2-strongly-corr.in
Sol: 0 3 2 8 1 5 6 7 4 9 0 16 9 18 -6 -2 -3 12 -9 11 3 -20 4 10 15 -7 13 14 7 -18 
FO: 1945.00000
Best time: 0.013
Total time:60.514 


Instance: /Random/random-10-20-2-uncorr.in
Sol: 0 3 2 8 1 5 6 7 4 9 10 -18 14 15 7 18 4 -3 -9 12 11 -7 0 3 9 -20 16 -2 13 -6 
FO: 1793.00000
Best time: 0.024
Total time:60.984 


Instance: /Random/random-10-20-3-strongly-corr.in
Sol: 0 5 3 4 1 8 7 2 9 6 0 2 -7 5 18 1 -17 17 3 4 15 9 10 12 -20 13 7 11 14 8 
FO: 1194.00000
Best time: 0.039
Total time:61.259 


Instance: /Random/random-10-20-3-uncorr.in
Sol: 0 5 3 4 1 8 7 2 9 6 0 1 9 13 18 -20 8 2 -7 5 4 10 15 14 12 3 7 17 -17 11 
FO: 1270.00000
Best time: 0.030
Total time:63.098 


Instance: /Random/random-20-50-1-strongly-corr.in
Sol: 0 17 16 3 10 5 11 12 19 4 13 8 2 9 7 18 1 6 15 14 0 5 27 26 11 -33 33 22 -10 25 -31 -40 45 14 37 13 -19 -18 21 41 34 -24 -16 -32 12 -47 -49 36 44 -11 -36 -3 -7 28 -44 -41 -25 -2 42 49 7 -5 -9 -21 -4 -30 47 38 -17 -20 
FO: 2260.00000
Best time: 1.461
Total time:160.866 


Instance: /Random/random-20-50-1-uncorr.in
Sol: 0 17 16 3 10 5 4 11 12 19 13 8 2 9 7 18 1 6 15 14 49 44 33 -10 36 28 -44 45 11 13 2 8 27 38 47 -30 -4 -17 -49 4 -31 37 34 -33 14 -36 -19 -40 7 -21 -32 25 21 40 -25 -11 -16 -20 5 -18 -2 12 -47 -23 -24 -27 -1 -7 -42 42 
FO: 1948.00000
Best time: 0.246
Total time:154.845 


Instance: /Random/random-20-50-2-strongly-corr.in
Sol: 0 19 14 15 2 8 12 5 1 3 9 7 17 4 16 11 6 13 10 18 0 20 -44 22 -35 38 -18 32 2 -2 18 12 41 27 -38 13 9 11 16 3 -40 -45 5 -22 -26 26 -49 24 46 28 23 7 36 -31 19 -46 -41 -50 42 -48 -11 -7 -5 -30 -16 -9 -34 14 -32 -36 
FO: 2307.00000
Best time: 1.462
Total time:160.744 


Instance: /Random/random-20-50-2-uncorr.in
Sol: 0 19 14 15 12 2 8 5 1 9 3 7 17 4 16 11 6 13 10 18 -2 -48 18 29 20 -18 42 41 13 46 7 16 -45 8 -35 36 3 33 0 -32 14 -26 45 22 -49 10 -16 35 26 -39 -5 9 -7 24 -33 -50 -40 19 -6 -38 23 -44 -3 12 -22 11 -41 -29 27 -31 
FO: 2099.00000
Best time: 0.237
Total time:154.792 


Instance: /Random/random-20-50-3-strongly-corr.in
Sol: 0 7 8 17 13 16 19 14 9 11 6 3 1 18 4 5 10 2 15 12 8 41 48 -21 10 -17 -12 -5 42 24 17 -38 -26 12 -19 33 38 35 32 -1 40 44 -15 -8 47 -44 -30 6 -14 -29 -3 26 -31 -10 5 -2 -37 27 -4 -20 -35 21 31 -50 -47 -24 15 -40 -46 -23 
FO: 2726.00000
Best time: 4.841
Total time:158.249 


Instance: /Random/random-20-50-3-uncorr.in
Sol: 0 12 15 2 10 5 4 18 1 3 14 11 6 9 19 16 13 17 8 7 0 -42 18 23 -22 16 -16 17 29 -43 49 34 -33 -25 39 -15 -6 -41 -34 45 22 37 -9 7 -48 30 -7 28 48 11 -2 -14 3 -36 25 -45 -28 2 4 -44 -32 -13 -39 -37 -11 19 -10 -47 -21 -27 
FO: 2526.00000
Best time: 1.395
Total time:153.961 


Instance: /Random/random-30-100-1-strongly-corr.in
Sol: 0 23 14 3 24 19 8 25 28 4 9 20 26 1 7 17 29 13 6 5 12 16 18 22 27 21 11 15 10 2 -1 -16 56 -87 -89 -35 -12 25 79 -68 81 45 -63 -20 26 6 -50 9 -62 -55 -52 -49 -66 73 -19 -32 35 77 58 7 63 -5 -81 -40 90 -47 87 76 98 60 -98 -69 16 66 17 -3 -73 -33 -23 -83 -75 8 -85 -14 -30 -76 -39 -11 43 59 -2 -43 -41 -51 44 -28 -94 -4 -37 -21 -97 -13 -15 -34 55 -22 24 -29 92 -86 5 -72 -70 -65 -84 -42 -48 -53 -95 -31 -24 -100 -96 -79 37 53 -90 57 -92 -71 
FO: 2672.00000
Best time: 8.956
Total time:307.169 


Instance: /Random/random-30-100-1-uncorr.in
Sol: 0 23 2 10 15 28 4 9 11 21 27 22 18 16 12 5 6 13 29 17 7 1 26 20 25 8 19 24 3 14 90 27 62 -98 80 74 -74 -11 5 54 99 96 -18 47 -54 35 -78 56 -62 -67 85 15 6 51 32 94 38 25 -61 -59 68 -64 -76 -88 18 -27 76 -42 -53 -32 14 -31 -72 -80 -56 -85 -34 -4 -83 -79 48 -46 64 -44 -38 22 -1 36 -58 34 -8 -70 -25 83 -66 -9 -89 -50 -92 1 -17 -99 -94 89 -14 -47 -82 -41 -71 -5 -29 -12 -21 59 -13 -22 -40 -73 -96 -3 42 -20 -68 -45 -51 -10 -93 23 -87 -30 
FO: 2270.00000
Best time: 7.644
Total time:319.117 


Instance: /Random/random-30-100-2-strongly-corr.in
Sol: 0 15 16 25 4 5 14 8 21 24 12 11 6 10 2 23 1 13 18 27 28 22 3 26 9 7 29 20 19 17 -1 -19 2 85 62 -74 -34 38 49 58 -21 -55 43 5 27 -90 11 -13 81 -26 -45 61 -43 52 16 -87 48 28 76 -95 83 57 10 91 -79 -68 -78 -81 -80 51 -4 55 -61 -30 -88 -10 -20 -75 -9 -36 -65 69 -93 -83 26 -32 -35 24 -66 41 -5 -2 -8 -100 -67 -41 -37 -64 -23 37 -31 -76 -94 -60 21 97 -91 -15 70 -33 -57 -7 -47 -18 -40 53 84 -69 -24 -14 -72 -46 -96 -89 -97 -48 -51 72 15 -99 
FO: 2540.00000
Best time: 2.734
Total time:306.627 


Instance: /Random/random-30-100-2-uncorr.in
Sol: 0 16 25 4 5 14 8 21 24 12 6 10 26 3 22 28 27 18 13 1 23 2 11 9 7 29 20 19 15 17 -1 47 76 13 -32 -79 70 -21 90 81 91 30 -88 -97 -18 54 -72 -8 -61 -51 15 10 43 -20 85 39 -34 -90 -24 37 34 -39 -12 58 72 -36 -15 -45 67 55 -64 16 -75 -83 -22 -2 -69 -74 -50 -37 53 25 -65 -9 -33 94 92 -80 -23 -29 -60 84 -78 -43 -100 -63 57 -94 -19 24 -99 -87 97 66 -47 -96 56 -81 -28 -41 -7 48 -4 69 -6 -27 -46 -66 -76 29 -84 -13 -53 -52 -89 -5 -42 61 -3 -10 
FO: 1816.00000
Best time: 6.768
Total time:310.207 


Instance: /Random/random-30-100-3-strongly-corr.in
Sol: 0 7 12 3 16 14 24 21 2 19 10 29 4 20 25 5 26 18 23 1 28 22 17 27 6 11 9 15 8 13 -1 25 90 -100 70 87 7 86 -6 46 -31 -76 28 69 40 -14 58 61 74 -25 1 79 83 50 65 53 -73 15 -94 10 -9 -85 2 -23 37 -30 44 -92 -10 -57 -32 41 52 -74 49 -20 -52 76 98 -13 -17 -37 -34 -81 -67 -82 -60 -15 -22 -95 67 -78 20 -55 -28 -4 -27 -43 -89 -63 -90 -19 -35 -86 -58 -33 17 -5 -79 -64 -48 -36 -24 -40 -61 -83 -56 -69 -49 43 -98 -12 -96 -39 -93 -65 -46 -97 -7 -72 
FO: 2332.00000
Best time: 1.821
Total time:309.143 


Instance: /Random/random-30-100-3-uncorr.in
Sol: 0 7 12 3 16 14 24 19 10 29 4 21 2 5 20 25 26 18 27 6 11 9 17 23 1 22 28 8 13 15 -1 74 95 56 47 20 82 98 -93 -6 10 84 -49 -76 37 79 -27 87 91 28 70 89 64 13 -13 -55 15 22 41 72 -60 86 -22 40 -97 76 -61 -46 -19 -79 -78 11 90 29 -64 7 36 43 -4 -47 -56 -86 -74 33 -5 -72 -67 -17 -40 -20 -84 -33 -95 -39 -10 -52 -94 -35 -51 -9 -62 -59 -43 -81 -36 -31 25 -28 -66 88 -25 -45 17 52 -7 -50 -98 -54 -58 -63 -68 23 99 -69 -3 -82 -2 -32 -70 -15 
FO: 1556.00000
Best time: 3.105
Total time:320.099 
