

Instance: /Random/random-5-10-1-uncorr.in
Sol: 0 4 1 3 2 0 9 5 4 7 2 -7 3 1 8 
FO: 1576.00000
Best time: 0.007
Total time:5.071 


Instance: /Random/random-5-10-1-strongly-corr.in
Sol: 0 4 1 3 2 0 7 4 5 -7 8 9 3 2 1 
FO: 1473.00000
Best time: 0.007
Total time:5.040 


Instance: /Random/random-5-10-2-strongly-corr.in
Sol: 0 2 1 4 3 0 -3 6 4 7 5 -2 8 9 3 
FO: 1670.00000
Best time: 0.007
Total time:5.045 


Instance: /Random/random-5-10-2-uncorr.in
Sol: 0 2 1 4 3 0 5 -2 6 7 8 -3 9 3 4 
FO: 1629.00000
Best time: 0.006
Total time:5.078 


Instance: /Random/random-5-10-3-strongly-corr.in
Sol: 0 4 2 1 3 0 4 -2 -6 7 2 9 6 -4 8 
FO: 2279.00000
Best time: 0.007
Total time:5.568 


Instance: /Random/random-5-10-3-uncorr.in
Sol: 0 3 1 2 4 0 6 -8 8 1 -10 5 3 2 4 
FO: 2259.00000
Best time: 0.006
Total time:5.080 


Instance: /Random/random-10-20-1-strongly-corr.in
Sol: 0 8 2 3 5 9 7 6 4 1 17 -6 -4 13 12 0 4 19 7 2 11 10 6 9 14 -2 -9 15 -17 18 
FO: 1703.00000
Best time: 0.039
Total time:10.075 


Instance: /Random/random-10-20-1-uncorr.in
Sol: 0 5 9 7 6 4 1 3 2 8 4 16 7 -2 14 5 18 9 -11 8 -3 11 -16 -18 13 -20 6 -4 -1 12 
FO: 1820.00000
Best time: 0.022
Total time:10.041 


Instance: /Random/random-10-20-2-strongly-corr.in
Sol: 0 3 2 8 1 5 6 7 4 9 0 9 -18 -20 4 11 -3 18 3 13 -6 7 -2 14 10 -7 15 -9 12 16 
FO: 1945.00000
Best time: 0.037
Total time:10.311 


Instance: /Random/random-10-20-2-uncorr.in
Sol: 0 3 2 8 1 5 6 7 4 9 0 11 -7 16 3 14 -20 12 15 9 13 18 4 -3 -9 -18 -2 7 -6 10 
FO: 1793.00000
Best time: 0.032
Total time:10.073 


Instance: /Random/random-10-20-3-strongly-corr.in
Sol: 0 5 3 4 1 8 7 2 9 6 11 7 2 10 18 13 -20 0 4 12 3 8 15 1 -7 14 5 17 9 -17 
FO: 1194.00000
Best time: 0.057
Total time:10.096 


Instance: /Random/random-10-20-3-uncorr.in
Sol: 0 5 3 4 1 8 7 2 9 6 11 9 -7 18 12 10 -20 14 13 2 4 5 -17 17 15 7 8 0 3 1 
FO: 1270.00000
Best time: 0.033
Total time:11.313 


Instance: /Random/random-20-50-1-strongly-corr.in
Sol: 0 17 16 3 10 5 11 12 19 4 13 8 2 9 7 18 1 6 15 14 0 -31 -17 -24 27 34 41 -32 26 45 -19 21 37 -25 33 11 14 25 5 38 -5 22 13 42 44 7 49 -3 36 -41 28 -10 -16 -44 -40 -9 -36 -11 -20 -30 -7 -18 -2 -49 -4 12 -33 -47 -21 47 
FO: 2260.00000
Best time: 0.549
Total time:25.068 


Instance: /Random/random-20-50-1-uncorr.in
Sol: 0 17 16 3 10 5 4 11 12 19 13 8 2 9 7 18 1 6 15 14 49 44 33 -10 36 28 -44 45 11 13 2 8 27 38 47 -30 -4 -17 -49 4 -31 37 34 -33 14 -36 -19 -40 7 -21 -32 25 21 40 -25 -11 -16 -20 5 -18 -2 12 -47 -23 -24 -27 -1 -7 -42 42 
FO: 1948.00000
Best time: 0.261
Total time:25.153 


Instance: /Random/random-20-50-2-strongly-corr.in
Sol: 0 19 14 15 2 8 12 5 1 3 9 7 17 4 16 11 6 13 18 10 0 41 -35 -50 -31 9 -40 18 -22 32 -16 20 42 23 38 7 13 3 24 27 16 -7 22 11 2 -18 46 -41 -38 -44 28 36 5 -36 -26 -5 -30 -11 -49 -34 -46 -9 12 26 -2 -48 -45 19 -32 -15 
FO: 2307.00000
Best time: 0.412
Total time:25.480 


Instance: /Random/random-20-50-2-uncorr.in
Sol: 0 19 14 15 12 2 8 5 1 9 3 7 17 4 16 11 6 13 10 18 -2 -48 18 29 20 -18 42 41 13 46 7 16 -45 8 -35 36 3 33 0 -32 14 -26 45 22 -49 10 -16 35 26 -39 -5 9 -7 24 -33 -50 -40 19 -6 -38 23 -44 -3 12 -22 11 -41 -29 27 -31 
FO: 2099.00000
Best time: 3.263
Total time:27.116 


Instance: /Random/random-20-50-3-strongly-corr.in
Sol: 0 7 8 17 13 16 19 14 9 11 6 3 1 18 4 5 10 2 15 12 8 41 48 -21 10 -17 -12 -5 42 24 17 -38 -26 12 -19 33 38 35 32 -1 40 44 -15 -8 47 -44 -30 6 -14 -29 -3 26 -31 -10 5 -2 -37 27 -4 -20 -35 21 31 -50 -47 -24 15 -40 -46 -23 
FO: 2726.00000
Best time: 0.297
Total time:25.496 


Instance: /Random/random-20-50-3-uncorr.in
Sol: 0 12 15 2 10 5 4 18 1 3 14 11 6 9 19 16 13 17 8 7 0 48 -36 -9 39 34 3 -2 -39 45 -48 29 37 -6 49 -41 7 -15 18 -42 30 -34 17 -22 -16 -45 25 2 4 -43 11 -28 -25 22 -27 -44 -11 28 -13 -14 19 23 -47 -32 -33 -10 -37 -21 16 -7 
FO: 2526.00000
Best time: 1.172
Total time:25.183 


Instance: /Random/random-30-100-1-strongly-corr.in
Sol: 0 23 14 3 24 19 8 25 28 4 9 20 26 1 7 17 29 13 6 5 12 16 18 22 27 21 11 15 10 2 91 7 45 58 -51 79 -68 98 81 -22 37 56 35 -53 44 55 8 6 9 -94 -55 -81 53 90 -89 -62 -31 -5 -21 -24 -75 -13 76 -70 63 66 -50 -4 -40 -85 26 25 -88 -30 -42 -41 16 -11 24 -20 17 -83 77 -87 -79 -71 -32 -44 -12 60 -35 -23 57 -73 -1 59 92 -49 -43 -39 -37 -28 -66 -98 -96 -19 -33 -34 -74 -3 -65 -69 -47 -95 -84 -100 -14 -48 -86 -97 -16 -15 -76 -90 -52 -29 -72 -63 -2 5 
FO: 2690.00000
Best time: 7.572
Total time:53.317 


Instance: /Random/random-30-100-1-uncorr.in
Sol: 0 23 25 2 10 15 28 4 9 26 20 11 21 27 22 18 16 12 5 6 13 29 17 7 1 8 19 24 3 14 0 56 -32 -53 -27 -8 35 54 -38 25 -59 80 1 -11 74 96 32 -21 93 15 -14 -41 -9 59 33 -70 -76 47 90 -62 -64 38 -78 -71 -44 48 -22 14 -51 76 -54 -40 64 27 -13 -12 -18 -20 -58 83 -31 23 -17 -85 -83 18 51 -30 -66 87 36 85 -46 -45 -4 -92 -47 -25 -67 -35 -69 28 99 -3 -5 -10 -98 95 -7 -72 -79 62 -93 -74 -73 -87 -43 5 -56 -61 -23 -80 89 -68 41 -50 -99 94 -89 -82 
FO: 2223.00000
Best time: 2.008
Total time:50.084 


Instance: /Random/random-30-100-2-strongly-corr.in
Sol: 0 16 25 4 5 14 8 21 24 12 11 6 10 26 3 22 28 27 18 13 1 23 2 9 7 29 20 19 15 17 91 -66 -37 76 49 -1 -81 21 28 -69 5 52 45 -45 34 43 55 -74 97 -7 -8 -91 -28 -80 -78 -12 -9 -18 -55 -84 15 -68 -33 -31 85 -32 72 -24 10 -96 16 -43 -60 81 -13 -70 -61 25 -19 -87 -93 -21 70 -23 -57 -51 37 -4 -90 -41 -75 -63 -64 -83 48 -76 -2 -47 -48 24 61 2 41 -88 53 -36 -20 -52 -34 -15 -58 -97 -89 -67 -72 29 -10 -27 -39 -5 -99 -94 -65 84 -79 -40 -100 94 58 -14 
FO: 2635.00000
Best time: 2.876
Total time:52.721 


Instance: /Random/random-30-100-2-uncorr.in
Sol: 0 17 27 18 13 1 23 2 10 26 29 19 15 16 25 4 5 14 8 21 24 12 11 6 9 7 20 3 22 28 0 -56 57 47 24 -82 79 -96 60 73 -51 29 -60 -7 4 53 17 -77 -3 39 85 65 84 -44 54 98 -26 86 -62 78 69 -32 72 -28 99 -98 -81 -50 -19 -42 -67 -92 3 45 -37 -47 -76 12 35 87 14 30 -8 19 -12 34 5 56 -84 -97 -41 -9 -83 -45 -29 -17 -72 70 94 -10 -68 -75 -21 -53 15 -69 -90 -33 -23 -93 90 -2 -38 -52 -27 13 -94 -89 -64 -63 -34 -39 58 -49 -65 -43 -78 -22 -24 -11 
FO: 1874.00000
Best time: 9.451
Total time:50.257 


Instance: /Random/random-30-100-3-strongly-corr.in
Sol: 0 7 15 9 11 17 5 18 27 6 12 3 16 14 24 21 2 19 10 29 4 25 20 26 23 1 22 28 8 13 27 2 1 -31 25 87 49 -82 9 28 86 15 -60 69 -86 -43 53 18 3 37 -23 -45 43 -1 -61 46 -55 -46 -40 -57 -21 -81 -91 -83 -34 -7 83 75 -93 -51 -20 -32 61 -5 -39 77 -56 40 -9 -22 73 -99 -77 -37 70 91 -67 24 17 -79 -98 -17 -33 -36 74 -15 58 -30 -95 -13 -72 -6 -69 -80 -97 -68 -52 -64 -58 34 -89 -65 89 -27 -96 93 -14 65 -73 84 -63 -11 -8 -48 -49 52 -100 41 -24 11 
FO: 2619.00000
Best time: 11.034
Total time:52.293 


Instance: /Random/random-30-100-3-uncorr.in
Sol: 0 7 12 3 16 14 24 19 10 29 4 21 2 5 25 20 27 18 26 23 1 22 28 17 6 11 9 8 13 15 -36 29 56 99 9 79 11 72 -4 -72 89 82 91 -1 -6 74 28 -78 70 95 36 52 -89 41 62 76 -94 43 90 17 -61 -49 -22 -74 40 -11 -56 -65 -24 87 37 -28 -81 84 -20 98 -87 7 26 33 -25 -40 -48 -43 -66 -59 -23 -13 -19 -17 -68 -31 -62 -39 -46 -60 -76 -5 -64 -84 -14 -82 -55 -98 25 -97 20 -15 -3 -32 -51 -70 -93 -52 -69 -50 -7 -2 -33 -9 -35 -86 -54 -79 -58 -45 -47 -67 -95 15 
FO: 1785.00000
Best time: 11.906
Total time:52.164 
