

Instance: /Random/random-5-10-1-strongly-corr.in
Sol: 0 4 1 3 2 0 2 4 5 1 9 3 -7 8 7 
FO: 1473.00000
Best time: 0.008
Total time:30.141 


Instance: /Random/random-5-10-1-uncorr.in
Sol: 0 4 1 3 2 0 5 -7 2 9 8 3 7 1 4 
FO: 1576.00000
Best time: 0.007
Total time:31.209 


Instance: /Random/random-5-10-2-strongly-corr.in
Sol: 0 2 1 4 3 0 5 6 7 -3 3 8 -2 9 4 
FO: 1670.00000
Best time: 0.007
Total time:30.783 


Instance: /Random/random-5-10-2-uncorr.in
Sol: 0 2 1 4 3 0 7 3 8 5 4 6 9 -2 -3 
FO: 1629.00000
Best time: 0.007
Total time:31.110 


Instance: /Random/random-5-10-3-strongly-corr.in
Sol: 0 4 2 1 3 0 8 -4 4 9 7 -2 2 -6 6 
FO: 2279.00000
Best time: 0.007
Total time:30.638 


Instance: /Random/random-5-10-3-uncorr.in
Sol: 0 3 1 2 4 0 6 -8 1 5 2 8 -10 4 3 
FO: 2259.00000
Best time: 0.006
Total time:30.122 


Instance: /Random/random-10-20-1-strongly-corr.in
Sol: 0 8 2 3 5 9 7 6 4 1 0 -2 9 -9 15 2 14 18 13 6 -4 17 11 7 -6 10 4 -17 19 12 
FO: 1703.00000
Best time: 0.047
Total time:61.000 


Instance: /Random/random-10-20-1-uncorr.in
Sol: 0 5 9 7 6 4 1 3 2 8 -1 -20 14 8 16 9 -16 -18 -2 4 12 -4 6 7 5 11 18 -11 -3 13 
FO: 1820.00000
Best time: 0.061
Total time:60.296 


Instance: /Random/random-10-20-2-strongly-corr.in
Sol: 0 3 2 8 1 5 6 7 4 9 0 -18 9 14 16 15 13 12 -20 -9 3 4 -2 -3 18 10 -6 11 7 -7 
FO: 1945.00000
Best time: 0.059
Total time:60.834 


Instance: /Random/random-10-20-2-uncorr.in
Sol: 0 3 2 8 1 5 6 7 4 9 0 16 15 -7 -20 11 9 -6 14 13 18 3 -3 7 -9 4 -18 12 10 -2 
FO: 1793.00000
Best time: 0.043
Total time:60.342 


Instance: /Random/random-10-20-3-strongly-corr.in
Sol: 0 5 3 4 1 8 7 2 9 6 0 -7 14 -20 4 7 13 17 10 15 2 18 9 12 1 11 3 5 8 -17 
FO: 1194.00000
Best time: 0.038
Total time:60.333 


Instance: /Random/random-10-20-3-uncorr.in
Sol: 0 5 3 4 1 8 7 2 9 6 0 17 18 15 12 4 7 13 14 8 -20 3 11 2 5 -17 1 9 10 -7 
FO: 1270.00000
Best time: 0.047
Total time:61.140 


Instance: /Random/random-20-50-1-strongly-corr.in
Sol: 0 17 16 3 10 5 11 12 19 4 13 8 2 9 7 18 1 6 15 14 0 -33 38 44 -5 7 -11 49 -4 22 33 -19 21 -25 41 -44 37 14 -30 45 26 27 -31 42 13 -20 25 -17 11 34 -3 -16 -47 -32 28 -10 -40 12 -24 -49 -18 -2 -36 -7 47 5 -9 36 -21 -41 
FO: 2260.00000
Best time: 0.261
Total time:151.931 


Instance: /Random/random-20-50-1-uncorr.in
Sol: 0 17 16 3 10 5 11 12 19 4 13 8 2 9 7 18 1 6 15 14 0 8 49 -20 14 -11 27 7 2 33 28 45 -10 -32 38 35 -21 37 11 40 -16 34 12 47 36 13 -26 -40 -2 44 -5 -42 -19 -44 -49 -17 -47 42 -22 -7 -31 -24 -25 -27 5 -4 -18 -23 -30 -33 
FO: 1998.00000
Best time: 0.344
Total time:152.335 


Instance: /Random/random-20-50-2-strongly-corr.in
Sol: 0 19 14 15 2 8 12 5 1 3 9 7 17 4 16 11 6 13 10 18 0 28 24 41 11 3 -41 -2 -22 7 23 -7 -16 -49 22 -40 36 27 26 46 18 2 32 5 -26 9 -44 16 -36 38 -45 -46 -18 -9 13 20 12 -38 19 -48 -30 -35 42 -34 -31 14 -11 -5 -32 -50 
FO: 2307.00000
Best time: 0.309
Total time:152.353 


Instance: /Random/random-20-50-2-uncorr.in
Sol: 0 19 14 15 12 2 8 5 1 9 3 7 17 4 16 11 6 13 10 18 0 -16 -49 41 -45 -41 -50 3 35 -32 -22 -7 24 26 18 -18 45 27 -35 29 46 8 23 -40 -2 19 42 9 -26 20 10 12 22 36 7 14 33 11 -33 13 -5 -3 -39 -38 -6 16 -29 -44 -31 -48 
FO: 2099.00000
Best time: 0.329
Total time:150.375 


Instance: /Random/random-20-50-3-strongly-corr.in
Sol: 0 7 8 17 13 16 19 14 9 11 6 3 1 18 4 5 10 2 15 12 -1 -35 -37 48 10 41 -5 -3 -8 -31 24 -12 -19 47 15 26 -38 -23 -26 5 8 38 12 32 -30 33 40 17 -47 27 42 44 -20 35 -29 -24 -2 6 -10 -50 -40 21 -14 -4 -44 -21 31 -17 -15 -46 
FO: 2726.00000
Best time: 0.375
Total time:152.910 


Instance: /Random/random-20-50-3-uncorr.in
Sol: 0 12 15 2 10 5 4 18 1 3 14 11 6 9 19 16 13 17 8 7 0 28 -34 -48 -25 39 -36 -15 -41 -7 34 -39 -42 25 30 23 -22 29 -2 4 -11 3 -6 48 -13 49 18 45 -14 -10 -28 19 17 -9 2 11 -47 -33 -43 37 -16 -32 -45 -27 16 -37 7 -21 22 -44 
FO: 2526.00000
Best time: 0.809
Total time:151.982 


Instance: /Random/random-30-100-1-strongly-corr.in
Sol: 0 23 14 3 24 19 8 25 28 4 9 20 26 1 7 17 29 13 6 5 12 16 18 27 22 21 11 15 10 2 -1 81 58 -4 82 7 60 45 37 -55 -81 56 59 -48 -23 -50 -63 -32 53 -5 -21 77 16 -62 29 -97 -100 73 -15 9 91 -28 -68 90 8 -75 87 -3 70 -79 -98 -40 66 -73 -89 -43 98 -34 -64 -95 -72 -47 -31 -22 43 -51 -90 -94 -52 -84 -12 -11 79 -86 6 -42 -87 35 17 55 5 -96 -66 57 26 -20 -16 -53 -19 -65 -33 -77 -70 -35 -85 -24 -49 -39 44 28 -13 -26 24 -41 -14 92 -2 -69 -37 -76 
FO: 2647.00000
Best time: 6.202
Total time:301.013 


Instance: /Random/random-30-100-1-uncorr.in
Sol: 0 23 25 2 10 15 28 4 9 26 20 11 21 27 22 18 16 12 5 17 29 6 13 7 1 8 19 24 3 14 0 -83 47 -3 94 23 32 18 -54 35 99 -23 80 85 -12 76 -11 -67 38 96 -85 72 -46 -14 -59 87 33 95 -17 62 90 74 -18 83 -25 56 36 -70 54 -74 -7 -21 27 59 -43 48 78 -30 -22 -87 93 -4 -41 -66 64 -53 -80 -9 -99 -98 -92 25 -82 71 -27 -35 41 -58 28 -38 15 89 -32 -71 -61 -20 -10 -8 -78 -62 -40 -89 -45 -5 51 -69 -44 1 -51 -56 -31 -13 -50 -93 -68 14 -47 5 -64 -76 
FO: 2267.00000
Best time: 1.730
Total time:302.333 


Instance: /Random/random-30-100-2-strongly-corr.in
Sol: 0 15 16 25 4 5 14 8 21 24 12 11 6 10 9 7 20 19 29 26 2 23 1 13 18 27 28 22 3 17 -1 28 95 27 -67 84 58 -32 72 43 88 49 77 -8 -19 -7 -95 70 76 32 56 -45 91 -37 -13 92 16 -5 40 -35 -47 -83 -23 -75 -26 -72 -63 -90 -31 -24 -76 -46 21 -42 -9 -68 26 -43 57 48 -99 -10 -40 -65 -6 10 -79 -53 -61 -15 11 53 -48 63 -66 24 -21 -16 55 -100 -88 -51 37 -34 -60 -94 2 -82 83 -97 -4 -81 -91 -14 -2 -80 97 -39 -62 -74 -18 69 -69 -52 -36 -86 -87 -20 -30 -55 
FO: 2592.00000
Best time: 1.983
Total time:303.066 


Instance: /Random/random-30-100-2-uncorr.in
Sol: 0 17 15 4 5 8 14 21 24 12 11 6 9 7 20 3 22 28 27 18 13 1 23 2 10 26 29 19 25 16 -1 69 -69 24 37 3 47 -94 86 7 -39 76 -21 -10 -61 -89 57 97 4 35 91 25 -49 -73 14 78 -90 -37 96 -7 -2 -22 34 -44 13 -31 -81 -9 16 -56 58 -60 87 17 -27 -3 56 -45 -41 15 66 -53 -75 83 -55 31 29 18 -65 -24 -62 -29 -82 -28 -78 -83 12 -66 -50 -46 -33 53 -34 -100 42 11 -71 -52 -47 -64 -63 84 -51 94 79 -68 -20 -42 -23 -93 73 -99 -11 -91 -76 39 -72 -96 -6 85 
FO: 1808.00000
Best time: 5.948
Total time:303.540 


Instance: /Random/random-30-100-3-strongly-corr.in
Sol: 0 7 12 3 16 14 10 29 4 19 24 21 2 5 20 25 26 18 23 1 28 22 17 27 6 11 9 15 8 13 -1 25 2 -39 -73 22 37 -6 79 -9 -89 -25 1 87 53 -72 69 -61 20 44 36 -20 -100 43 50 -14 49 -66 -78 40 -97 -93 -92 -81 46 61 74 -98 -82 -34 -7 -12 -31 58 28 -63 83 -57 -87 -94 -28 90 -22 -32 -15 98 -4 -33 -74 57 67 -90 15 -19 -56 -5 70 -10 29 -67 10 -42 -43 -77 -46 -49 -79 -83 -36 52 -40 -35 -95 -52 7 -96 -13 -85 -86 -76 -48 17 -27 -60 -65 -17 -55 -69 -24 -64 
FO: 2326.00000
Best time: 3.269
Total time:301.981 


Instance: /Random/random-30-100-3-uncorr.in
Sol: 0 7 12 3 16 14 24 19 10 29 4 21 2 5 20 25 26 18 27 6 11 9 17 23 1 22 28 8 13 15 -1 -27 40 -67 91 56 -22 28 47 25 -82 -64 87 10 7 88 84 76 -25 29 86 41 22 72 -58 -93 89 -9 -19 -78 95 -28 13 -39 79 -95 17 -7 90 -43 -72 -81 -74 -36 -52 -60 15 -15 37 98 99 -47 -17 43 -31 -98 82 33 -13 -20 -45 20 -3 36 -55 -33 -56 -46 52 -68 -84 23 -62 -66 -51 -5 -10 -69 -86 11 -59 -61 -97 -49 74 -32 -40 -2 64 -94 -35 -76 -4 70 -6 -63 -50 -79 -70 -54 
FO: 1556.00000
Best time: 5.004
Total time:302.403 
