20 50
0 847 463 1118 765 797 551 824 461 1151 60 585 632 254 430 403 586 801 53 200
847 0 458 272 432 161 342 78 410 306 827 414 500 609 676 582 490 276 794 792
463 458 0 721 616 358 337 469 82 757 470 452 208 317 228 125 514 553 411 349
1118 272 721 0 585 377 594 300 680 36 1096 637 724 876 930 843 702 430 1065 1062
765 432 616 585 0 551 280 355 534 602 718 186 774 520 830 720 184 161 724 817
797 161 358 377 551 0 379 224 336 413 788 483 351 585 554 474 563 410 743 707
551 342 337 594 280 379 0 294 254 623 518 122 510 297 550 440 197 255 502 559
824 78 469 300 355 224 294 0 410 331 799 350 541 578 694 594 422 198 772 787
461 410 82 680 534 336 254 410 0 715 457 370 275 274 302 194 433 476 408 382
1151 306 757 36 602 413 623 331 715 0 1128 662 760 908 966 879 725 450 1098 1097
60 827 470 1096 718 788 518 799 457 1128 0 542 651 222 465 424 537 763 72 247
585 414 452 637 186 483 122 350 370 662 542 0 631 335 654 545 80 233 542 630
632 500 208 724 774 351 510 541 275 760 651 631 0 523 250 230 701 678 585 473
254 609 317 876 520 585 297 578 274 908 222 335 523 0 418 332 349 546 208 310
430 676 228 930 830 554 550 694 302 966 465 654 250 418 0 110 706 779 393 243
403 582 125 843 720 474 440 594 194 879 424 545 230 332 110 0 599 670 356 250
586 490 514 702 184 563 197 422 433 725 537 80 701 349 706 599 0 281 547 656
801 276 553 430 161 410 255 198 476 450 763 233 678 546 779 670 281 0 754 813
53 794 411 1065 724 743 502 772 408 1098 72 542 585 208 393 356 547 754 0 178
200 792 349 1062 817 707 559 787 382 1097 247 630 473 310 243 250 656 813 178 0
4 0 61
4 9 109
12 10 12
5 4 63
19 0 30
19 6 16
4 15 28
17 6 68
14 13 65
10 0 29
8 6 46
0 8 10
2 5 11
1 9 83
10 18 58
6 14 46
14 3 68
17 2 92
3 6 100
19 2 22
19 5 99
5 12 11
0 4 54
11 10 15
16 0 26
6 1 54
11 13 41
18 0 8
2 16 10
15 13 99
11 19 2
7 9 60
15 16 24
1 17 62
7 12 65
12 2 45
12 5 64
4 1 15
7 18 38
3 5 23
4 7 10
19 4 86
3 17 86
11 3 14
17 19 65
8 10 54
0 15 79
13 6 103
7 2 48
16 17 23
