// Without local search

Instance: /Random/random-5-10-1-strongly-corr.in
Sol: 0 4 1 3 2 0 8 -7 3 2 7 1 4 5 9 
FO: 1473.00000
Best time: 0.008
Total time:5.017 


Instance: /Random/random-5-10-1-uncorr.in
Sol: 0 4 1 3 2 0 5 3 1 2 4 8 9 -7 7 
FO: 1576.00000
Best time: 0.007
Total time:5.020 


Instance: /Random/random-5-10-2-strongly-corr.in
Sol: 0 2 1 4 3 0 9 -3 6 5 4 -2 8 3 7 
FO: 1670.00000
Best time: 0.007
Total time:5.043 


Instance: /Random/random-5-10-2-uncorr.in
Sol: 0 2 1 4 3 0 8 9 5 7 3 4 6 -3 -2 
FO: 1629.00000
Best time: 0.006
Total time:5.029 


Instance: /Random/random-5-10-3-strongly-corr.in
Sol: 0 4 2 1 3 0 7 8 9 -2 -4 -6 4 2 6 
FO: 2279.00000
Best time: 0.007
Total time:5.030 


Instance: /Random/random-5-10-3-uncorr.in
Sol: 0 3 1 2 4 0 8 -10 6 1 -8 3 4 2 5 
FO: 2259.00000
Best time: 0.007
Total time:5.022 


Instance: /Random/random-10-20-1-strongly-corr.in
Sol: 0 8 2 3 5 9 7 6 4 1 0 12 15 -17 -4 17 -9 7 4 9 10 13 14 19 11 6 2 -6 18 -2 
FO: 1703.00000
Best time: 0.040
Total time:10.036 


Instance: /Random/random-10-20-1-uncorr.in
Sol: 0 5 9 7 6 4 1 3 2 8 -1 -4 6 16 5 18 -18 11 9 -20 13 7 -16 14 8 4 12 -11 -3 -2 
FO: 1820.00000
Best time: 0.063
Total time:10.014 


Instance: /Random/random-10-20-2-strongly-corr.in
Sol: 0 3 2 8 1 5 6 7 4 9 0 -18 -6 13 11 12 4 -7 16 14 7 18 10 -2 -3 3 -20 9 -9 15 
FO: 1945.00000
Best time: 0.035
Total time:10.014 


Instance: /Random/random-10-20-2-uncorr.in
Sol: 0 3 2 8 1 5 6 7 4 9 0 10 -20 18 -9 3 12 16 -2 14 -18 15 13 -7 -3 9 4 11 -6 7 
FO: 1793.00000
Best time: 0.060
Total time:10.041 


Instance: /Random/random-10-20-3-strongly-corr.in
Sol: 0 5 3 4 1 8 7 2 9 6 0 14 2 -7 3 -17 11 7 1 17 10 5 15 8 4 18 12 13 9 -20 
FO: 1194.00000
Best time: 0.045
Total time:10.016 


Instance: /Random/random-10-20-3-uncorr.in
Sol: 0 5 3 4 1 8 7 2 9 6 0 -7 7 12 8 15 -20 17 -17 3 2 14 5 13 10 18 11 4 9 1 
FO: 1270.00000
Best time: 0.029
Total time:10.023 


Instance: /Random/random-20-50-1-strongly-corr.in
Sol: 0 17 16 3 10 5 11 12 19 4 13 8 2 9 7 18 1 6 15 14 0 34 7 -32 37 44 -11 -21 14 12 -49 42 47 -24 13 -5 28 21 26 5 -16 41 -31 27 -44 11 -30 45 -20 36 -17 25 -4 -10 -3 33 22 -7 -41 -2 -25 -33 -9 -19 -40 -47 -18 38 -36 49 
FO: 2260.00000
Best time: 0.335
Total time:25.015 


Instance: /Random/random-20-50-1-uncorr.in
Sol: 0 17 16 3 10 5 11 12 19 4 13 8 2 9 7 18 1 6 15 14 0 -44 -5 -33 33 14 -30 28 8 -17 -21 12 -10 -31 37 -40 -24 47 45 -25 35 27 -32 -18 -19 2 -49 -20 38 34 13 7 42 11 40 -4 -22 -42 -7 36 -26 -16 -47 49 44 5 -27 -11 -2 -23 
FO: 1998.00000
Best time: 0.781
Total time:25.051 


Instance: /Random/random-20-50-2-strongly-corr.in
Sol: 0 19 14 15 2 8 12 5 1 3 9 7 17 4 16 11 6 13 18 10 0 -40 41 -44 42 -36 9 38 27 26 3 -26 22 23 20 -22 -18 46 -31 28 32 13 -32 -50 -7 18 -15 24 -2 -41 2 7 -49 -38 11 -48 -45 36 5 -16 -30 19 -34 -9 -35 12 -46 -5 16 -11 
FO: 2307.00000
Best time: 0.196
Total time:25.081 


Instance: /Random/random-20-50-2-uncorr.in
Sol: 0 19 14 15 12 2 8 5 1 9 3 7 17 4 16 11 6 13 10 18 0 7 12 13 46 -40 35 -38 33 18 24 8 23 19 41 22 3 26 -18 45 -41 -16 29 -45 -26 42 27 -2 -35 -31 10 -6 -32 -49 -29 16 -39 -50 20 -44 -3 36 -7 9 11 -48 -33 14 -5 -22 
FO: 2099.00000
Best time: 0.560
Total time:25.090 


Instance: /Random/random-20-50-3-strongly-corr.in
Sol: 0 7 8 17 13 16 19 14 9 11 6 3 1 18 4 5 10 2 15 12 -1 -5 -12 10 -35 47 -17 5 40 27 48 32 -24 41 -4 -50 35 -37 21 8 12 -30 -23 44 15 38 -44 24 -19 -31 33 -8 31 42 -26 -20 -47 -21 -38 17 -2 -15 -14 -46 6 -10 -40 -29 -3 26 
FO: 2726.00000
Best time: 2.433
Total time:25.047 


Instance: /Random/random-20-50-3-uncorr.in
Sol: 0 12 15 2 10 5 4 18 1 3 14 11 6 9 19 16 13 17 8 7 0 -9 45 39 -7 -28 4 17 22 2 -11 -2 -16 16 -33 29 -6 -34 -42 -36 37 -13 -45 -43 25 18 28 -48 -27 23 30 34 48 -47 49 7 -39 -41 -15 -21 -37 19 11 -22 -25 -44 3 -10 -32 -14 
FO: 2526.00000
Best time: 0.333
Total time:25.015 


Instance: /Random/random-30-100-1-strongly-corr.in
Sol: 0 25 8 19 24 6 13 29 1 26 20 21 11 15 10 2 28 4 9 27 22 18 16 12 5 7 17 3 14 23 0 93 -72 98 -20 29 -31 -4 -71 50 67 44 69 -61 21 -92 23 -50 -54 15 -82 25 90 -58 -85 -42 52 -17 9 -62 6 66 24 12 22 64 -75 51 -39 42 47 -44 63 17 35 14 13 76 -46 -55 -69 -41 -3 7 -9 -87 18 -95 36 -89 -38 20 -66 -90 -74 -73 79 -59 -57 96 -83 -35 -79 -100 -5 -28 -32 -33 -47 -6 77 -86 10 48 -27 -56 -40 -84 92 87 -96 62 -81 -60 -34 -12 28 -76 -98 -2 
FO: 3032.00000
Best time: 1.964
Total time:50.095 


Instance: /Random/random-30-100-1-uncorr.in
Sol: 0 23 25 2 10 15 28 4 9 11 21 27 22 18 16 12 20 26 1 7 17 5 6 13 29 8 19 24 3 14 0 -76 -74 83 36 -4 47 80 54 -14 85 -21 71 -11 76 -54 90 56 -80 -98 32 74 87 15 -93 -45 -25 -44 48 -70 -41 72 -34 -38 -22 -13 64 -83 -9 -17 -96 -58 -97 -85 -50 -31 27 25 59 99 -7 -32 -12 -47 -42 -68 -51 5 -66 -30 -40 -43 14 78 -56 1 -61 18 -64 -62 51 35 -89 -99 -23 -69 -78 -53 -10 -27 -67 62 -18 34 38 -20 -5 -29 -90 -94 -92 -82 94 -71 -46 -24 -3 -8 -59 -87 
FO: 2429.00000
Best time: 4.930
Total time:50.215 


Instance: /Random/random-30-100-2-strongly-corr.in
Sol: 0 16 25 15 22 13 1 23 2 10 9 7 29 20 19 4 5 14 8 21 24 12 11 6 26 3 28 18 27 17 0 -89 36 68 53 -43 65 15 21 -5 23 -80 48 -39 89 -87 80 29 -10 45 -33 76 -23 27 -18 60 -52 -67 67 -41 -79 90 -8 34 30 85 -14 69 59 -13 91 -4 -94 -100 84 -11 -72 -7 -76 -45 -88 -17 -84 -64 -97 -27 -6 74 -99 2 -44 28 52 -51 -82 -20 -63 24 -47 -78 -65 41 82 -40 -71 58 -12 -62 55 57 -34 -55 -9 -19 -95 -15 -57 25 -2 -48 37 -98 -21 -36 -50 -32 -74 -93 -96 -73 
FO: 2625.00000
Best time: 2.809
Total time:50.170 


Instance: /Random/random-30-100-2-uncorr.in
Sol: 0 17 15 3 22 28 27 18 13 1 23 2 11 6 10 26 9 7 20 29 19 4 5 21 24 12 8 14 25 16 0 17 85 9 60 96 -56 -44 92 56 -92 65 79 -94 -77 13 37 47 36 -27 20 41 12 84 90 -31 -43 -82 -49 -35 -64 -15 -19 -47 -84 -16 -68 -34 -89 -62 -74 -69 -22 -53 -75 -58 45 -3 -73 4 -63 -25 -70 -17 -78 71 -9 -7 54 78 -45 53 98 25 -6 -20 58 39 64 -71 -23 -96 -24 -11 50 -12 94 -41 -52 -33 -60 -4 -50 -39 -81 -29 -100 -98 -8 -32 66 29 -90 -28 75 86 -88 -83 -2 -36 
FO: 1884.00000
Best time: 2.978
Total time:50.118 


Instance: /Random/random-30-100-3-strongly-corr.in
Sol: 0 7 12 3 16 14 10 29 19 24 21 2 4 20 25 5 26 18 23 1 28 22 17 27 6 11 9 15 8 13 -1 37 40 28 -22 -14 -76 36 50 -28 83 -81 -13 -93 79 -89 61 53 1 87 69 -7 -72 58 52 43 76 74 44 -47 -85 -55 67 -36 57 -100 49 -25 98 -42 -9 -4 25 10 22 -56 -65 -10 -95 -90 -15 -96 -30 -78 -66 -57 -33 -61 -19 -73 -20 -52 90 15 -92 -69 -79 2 -48 -5 17 -12 86 -21 -34 -6 -74 -83 -40 -27 -64 7 -98 -43 -63 -32 70 -35 -94 -49 -82 -31 -67 -39 -97 -24 -46 -86 -60 -17 
FO: 2336.00000
Best time: 9.310
Total time:50.089 


Instance: /Random/random-30-100-3-uncorr.in
Sol: 0 7 12 3 16 14 10 19 24 21 2 29 4 5 20 25 26 18 27 6 11 9 17 23 1 22 28 8 13 15 -1 40 56 90 10 89 47 -81 -68 -7 -43 88 76 86 52 95 41 7 2 37 87 74 72 70 -39 33 79 -93 28 91 20 43 -95 -56 82 -94 -84 64 17 -6 -4 29 -52 23 13 -58 -5 -82 -2 -28 -17 -49 -61 -20 -10 25 -46 -76 -66 98 -62 -72 11 99 -23 -35 -27 -9 -31 -47 -50 -70 -67 -97 -33 -15 -79 -78 -74 -63 -32 -19 -54 -22 -45 36 84 -25 -51 -59 -69 -55 -36 -40 15 -64 -13 -98 -86 -60 
FO: 1639.00000
Best time: 2.948
Total time:50.046

// With local search with exact approache

Instance: /Random/random-5-10-1-uncorr.in
Sol: 0 4 1 3 2 0 3 7 -7 9 2 8 1 5 4 
FO: 1576.00000
Best time: 0.008
Total time:5.091 


Instance: /Random/random-5-10-1-strongly-corr.in
Sol: 0 4 1 3 2 0 1 5 7 3 2 -7 8 4 9 
FO: 1473.00000
Best time: 0.007
Total time:5.060 


Instance: /Random/random-5-10-2-strongly-corr.in
Sol: 0 2 1 4 3 0 7 9 4 -3 -2 3 6 8 5 
FO: 1670.00000
Best time: 0.007
Total time:5.077 


Instance: /Random/random-5-10-2-uncorr.in
Sol: 0 2 1 4 3 0 3 6 5 -2 4 9 8 7 -3 
FO: 1629.00000
Best time: 0.007
Total time:5.025 


Instance: /Random/random-5-10-3-strongly-corr.in
Sol: 0 4 2 1 3 0 2 -6 -4 6 -2 9 4 7 8 
FO: 2279.00000
Best time: 0.007
Total time:5.043 


Instance: /Random/random-5-10-3-uncorr.in
Sol: 0 3 1 2 4 0 8 4 5 -10 2 3 -8 1 6 
FO: 2259.00000
Best time: 0.006
Total time:5.046 


Instance: /Random/random-10-20-1-strongly-corr.in
Sol: 0 8 2 3 5 9 7 6 4 1 0 11 13 19 -9 -17 6 -2 17 4 7 9 10 12 -6 2 14 18 15 -4 
FO: 1703.00000
Best time: 0.025
Total time:10.748 


Instance: /Random/random-10-20-1-uncorr.in
Sol: 0 5 9 7 6 4 1 3 2 8 4 16 7 1 14 5 18 9 10 8 2 11 15 17 13 19 6 3 0 12 
FO: 1820.00000
Best time: 0.084
Total time:10.324 


Instance: /Random/random-10-20-2-strongly-corr.in
Sol: 0 3 2 8 1 5 6 7 4 9 0 -3 14 -6 -20 13 4 -18 18 3 7 12 -7 -2 -9 15 10 9 11 16 
FO: 1945.00000
Best time: 0.032
Total time:10.442 


Instance: /Random/random-10-20-2-uncorr.in
Sol: 0 3 2 8 1 5 6 7 4 9 10 17 14 15 7 18 4 2 8 12 11 6 0 3 9 19 16 1 13 5 
FO: 1793.00000
Best time: 0.088
Total time:10.591 


Instance: /Random/random-10-20-3-strongly-corr.in
Sol: 0 5 3 4 1 8 7 2 9 6 11 7 2 10 18 13 19 0 4 12 3 8 15 1 6 14 5 17 9 16 
FO: 1194.00000
Best time: 0.085
Total time:10.155 


Instance: /Random/random-10-20-3-uncorr.in
Sol: 0 5 3 4 1 8 7 2 9 6 0 12 1 3 15 13 2 14 8 18 -17 4 5 17 -7 11 10 9 -20 7 
FO: 1270.00000
Best time: 0.025
Total time:11.424 


Instance: /Random/random-20-50-1-strongly-corr.in
Sol: 0 17 16 3 10 5 11 12 19 4 13 8 2 9 7 18 1 6 15 14 -1 -2 -3 -4 -5 5 -7 7 8 -10 -11 11 12 13 14 -16 -17 -18 -19 -20 -21 21 22 -24 -25 25 26 27 28 -30 -31 -32 -33 33 34 -36 36 37 38 -40 -41 41 42 -44 44 45 -47 47 -49 49 
FO: 2247.00000
Best time: 2.582
Total time:76.073 


Instance: /Random/random-20-50-1-uncorr.in
Sol: 0 17 16 3 10 5 4 11 12 19 13 8 2 9 7 18 1 6 15 14 49 44 33 9 36 28 43 45 11 13 2 8 27 38 47 29 3 16 48 4 30 37 34 32 14 35 18 39 7 20 31 25 21 40 24 10 15 19 5 17 1 12 46 22 23 26 0 6 41 42 
FO: 1948.00000
Best time: 1.400
Total time:42.829 


Instance: /Random/random-20-50-2-strongly-corr.in
Sol: 0 19 14 15 2 8 12 5 1 3 9 7 17 4 16 11 6 13 18 10 0 -2 2 3 -5 5 -7 7 -9 9 -11 11 12 13 -15 -16 16 -18 18 19 20 -22 22 23 24 -26 26 27 28 -30 -31 -32 32 -34 -35 -36 36 -38 38 -40 -41 41 42 -44 -45 -46 46 -48 -49 -50 
FO: 2307.00000
Best time: 1.750
Total time:33.892 


Instance: /Random/random-20-50-2-uncorr.in
Sol: 0 19 14 15 12 2 8 5 1 9 3 7 17 4 16 11 6 13 10 18 1 47 18 29 20 17 42 41 13 46 7 16 44 8 34 36 3 33 0 31 14 25 45 22 48 10 15 35 26 38 4 9 6 24 32 49 39 19 5 37 23 43 2 12 21 11 40 28 27 30 
FO: 2099.00000
Best time: 0.854
Total time:26.228 


Instance: /Random/random-20-50-3-strongly-corr.in
Sol: 0 7 8 17 13 16 19 14 9 11 6 3 1 18 4 5 10 2 15 12 8 41 48 20 10 16 11 4 42 24 17 37 25 12 18 33 38 35 32 0 40 44 14 7 47 43 29 6 13 28 2 26 30 9 5 1 36 27 3 19 34 21 31 49 46 23 15 39 45 22 
FO: 2726.00000
Best time: 0.818
Total time:75.331 


Instance: /Random/random-20-50-3-uncorr.in
Sol: 0 12 15 2 10 5 4 18 1 3 14 11 6 9 19 16 13 17 8 7 0 -2 2 3 4 -6 -7 7 -9 -10 -11 11 -13 -14 -15 -16 16 17 18 19 -21 -22 22 23 -25 25 -27 -28 28 29 30 -32 -33 -34 34 -36 -37 37 -39 39 -41 -42 -43 -44 -45 45 -47 -48 48 49 
FO: 2526.00000
Best time: 2.557
Total time:32.451 


Instance: /Random/random-30-100-1-strongly-corr.in
Sol: 0 23 14 3 24 19 8 25 28 4 9 20 26 1 7 17 29 13 6 5 12 16 18 27 22 21 11 15 10 2 -1 -2 -3 -4 -5 5 6 7 8 9 -11 -12 -13 -14 -15 -16 16 17 -19 -20 -21 -22 -23 -24 24 -26 26 -28 28 29 -31 -32 -33 -34 -35 35 -37 37 -39 -40 -41 -42 -43 43 44 45 -47 -48 -49 -50 -51 -52 -53 53 -55 55 56 57 58 59 60 -62 -63 -64 -65 -66 66 -68 -69 -70 70 -72 -73 73 -75 -76 -77 77 -79 79 -81 81 82 -84 -85 -86 -87 87 -89 -90 90 91 92 -94 -95 -96 -97 -98 98 -100 
FO: 2647.00000
Best time: 8.106
Total time:61.852 


Instance: /Random/random-30-100-1-uncorr.in
Sol: 0 23 25 2 10 15 28 4 9 26 20 11 21 27 22 18 16 12 5 6 13 29 17 7 1 8 19 24 3 14 90 27 62 97 80 74 73 10 5 54 99 96 17 47 53 35 77 56 61 66 85 15 6 51 32 94 38 25 60 58 68 63 75 87 18 26 76 41 52 31 14 30 71 79 55 84 33 3 82 78 48 45 64 43 37 22 0 36 57 34 7 69 24 83 65 8 88 49 91 1 16 98 93 89 13 46 81 40 70 4 28 11 20 59 12 21 39 72 95 2 42 19 67 44 50 9 92 23 86 29 
FO: 2239.00000
Best time: 4.246
Total time:151.371 


Instance: /Random/random-30-100-2-strongly-corr.in
Sol: 0 16 25 4 5 14 8 21 24 12 11 6 10 26 3 22 28 27 18 13 1 23 2 9 7 29 20 19 15 17 -1 -2 2 -4 -5 5 -7 -8 -9 -10 10 -12 -13 13 -15 15 -17 -18 -19 -20 -21 21 -23 -24 24 25 -27 -28 28 29 -31 -32 -33 -34 34 -36 -37 37 -39 -40 -41 41 -43 43 -45 -46 -47 -48 48 49 -51 51 52 53 -55 55 -57 -58 58 -60 -61 61 -63 -64 -65 -66 66 -68 -69 69 70 -72 72 -74 74 -76 76 -78 -79 -80 -81 81 82 -84 84 85 -87 -88 -89 -90 -91 91 -93 -94 94 -96 -97 97 -99 -100 
FO: 2581.00000
Best time: 16.382
Total time:128.789 


Instance: /Random/random-30-100-2-uncorr.in
Sol: 0 16 25 15 20 29 19 4 5 14 8 21 24 12 11 6 10 9 7 26 3 22 28 23 2 1 13 18 27 17 -1 1 2 -4 -5 -6 -7 -8 -9 -10 10 11 -13 13 -15 -16 16 -18 -19 -20 -21 -22 22 -24 24 25 -27 -28 -29 -30 -31 -32 -33 -34 34 35 -37 37 38 39 -41 -42 -43 43 -45 -46 -47 -48 -49 -50 -51 -52 -53 53 -55 55 -57 57 58 -60 60 -62 62 -64 -65 -66 66 -68 -69 69 70 -72 72 -74 -75 75 76 -78 -79 -80 -81 81 -83 -84 84 -86 -87 87 -89 -90 90 91 -93 -94 94 -96 -97 97 -99 99 
FO: 2107.00000
Best time: 6.321
Total time:54.469 


Instance: /Random/random-30-100-3-strongly-corr.in
Sol: 0 7 12 3 16 14 24 19 10 29 4 21 2 5 20 25 26 18 23 1 28 22 17 27 6 11 9 15 8 13 -1 1 2 -4 -5 -6 -7 7 -9 -10 10 -12 -13 -14 -15 15 -17 17 -19 -20 20 -22 22 -24 -25 25 -27 -28 28 29 -31 -32 -33 -34 -35 -36 36 37 -39 -40 40 -42 -43 43 44 -46 46 -48 -49 49 50 -52 52 53 -55 -56 -57 57 58 -60 -61 61 -63 -64 -65 -66 -67 67 -69 69 70 -72 -73 -74 74 -76 -77 -78 -79 79 -81 -82 -83 83 84 -86 -87 87 -89 -90 90 -92 -93 -94 -95 -96 -97 -98 98 -100 
FO: 2304.00000
Best time: 15.939
Total time:157.373 


Instance: /Random/random-30-100-3-uncorr.in
Sol: 0 7 12 3 16 14 24 19 10 29 4 21 2 5 20 25 26 18 27 6 11 9 17 23 1 22 28 8 13 15 -1 -2 -3 -4 -5 -6 -7 7 -9 -10 10 11 -13 13 -15 15 -17 17 -19 -20 20 -22 22 23 -25 25 -27 -28 28 29 -31 -32 -33 33 -35 -36 36 37 -39 -40 40 41 -43 43 -45 -46 -47 47 -49 -50 -51 -52 52 -54 -55 -56 56 -58 -59 -60 -61 -62 -63 -64 64 -66 -67 -68 -69 -70 70 -72 72 -74 74 -76 76 -78 -79 79 -81 -82 82 -84 84 -86 86 87 88 89 90 91 -93 -94 -95 95 -97 -98 98 99 
FO: 1556.00000
Best time: 40.487
Total time:129.781 


// With local search without exact approach

Instance: /Random/random-5-10-1-uncorr.in
Sol: 0 4 1 3 2 0 4 3 1 8 7 5 2 9 -7 
FO: 1576.00000
Best time: 0.008
Total time:5.078 


Instance: /Random/random-5-10-1-strongly-corr.in
Sol: 0 4 1 3 2 0 4 2 8 5 3 9 7 -7 1 
FO: 1473.00000
Best time: 0.007
Total time:5.062 


Instance: /Random/random-5-10-2-strongly-corr.in
Sol: 0 2 1 4 3 0 7 8 9 3 6 -3 5 4 -2 
FO: 1670.00000
Best time: 0.007
Total time:5.044 


Instance: /Random/random-5-10-2-uncorr.in
Sol: 0 2 1 4 3 0 -2 9 7 8 4 3 -3 6 5 
FO: 1629.00000
Best time: 0.007
Total time:5.014 


Instance: /Random/random-5-10-3-strongly-corr.in
Sol: 0 4 2 1 3 0 8 6 2 -2 7 -6 9 4 -4 
FO: 2279.00000
Best time: 0.007
Total time:5.089 


Instance: /Random/random-5-10-3-uncorr.in
Sol: 0 3 1 2 4 0 -10 -8 8 1 6 5 2 3 4 
FO: 2259.00000
Best time: 0.007
Total time:5.053 



Instance: /Random/random-10-20-1-strongly-corr.in
Sol: 0 8 2 3 5 9 7 6 4 1 0 -6 7 -2 15 18 -4 12 4 -9 11 14 2 13 6 10 9 -17 17 19 
FO: 1703.00000
Best time: 0.036
Total time:10.082 


Instance: /Random/random-10-20-1-uncorr.in
Sol: 0 5 9 7 6 4 1 3 2 8 -1 5 14 -3 -18 -2 11 16 12 -4 4 18 -11 -20 9 8 6 7 13 -16 
FO: 1820.00000
Best time: 0.020
Total time:10.057 


Instance: /Random/random-10-20-2-strongly-corr.in
Sol: 0 3 2 8 1 5 6 7 4 9 19 12 5 16 18 15 10 8 4 14 17 13 1 7 3 9 11 2 0 6 
FO: 1945.00000
Best time: 0.049
Total time:10.022 


Instance: /Random/random-10-20-2-uncorr.in
Sol: 0 3 2 8 1 5 6 7 4 9 10 17 14 15 7 18 4 2 8 12 11 6 0 3 9 19 16 1 13 5 
FO: 1793.00000
Best time: 0.019
Total time:10.028 


Instance: /Random/random-10-20-3-strongly-corr.in
Sol: 0 5 3 4 1 8 7 2 9 6 11 7 2 10 18 13 19 0 4 12 3 8 15 1 6 14 5 17 9 16 
FO: 1194.00000
Best time: 0.039
Total time:10.090 


Instance: /Random/random-10-20-3-uncorr.in
Sol: 0 5 3 4 1 8 7 2 9 6 0 14 8 15 -17 2 -20 1 7 3 5 17 12 13 4 9 18 -7 10 11 
FO: 1270.00000
Best time: 0.059
Total time:10.181 


Instance: /Random/random-20-50-1-strongly-corr.in
Sol: 0 17 16 3 10 5 11 12 19 4 13 8 2 9 7 18 1 6 15 14 0 38 14 -33 33 -4 -17 -11 25 47 26 37 42 34 -24 28 -49 21 -5 13 49 41 36 -10 45 -32 11 -44 -7 -9 22 12 -3 -41 27 -20 -16 -30 7 5 -40 -2 -36 -25 -47 -31 44 -18 -21 -19 
FO: 2260.00000
Best time: 0.985
Total time:27.039 


Instance: /Random/random-20-50-1-uncorr.in
Sol: 0 17 16 3 10 5 4 11 12 19 13 8 2 9 7 18 1 6 15 14 49 44 33 9 36 28 43 45 11 13 2 8 27 38 47 29 3 16 48 4 30 37 34 32 14 35 18 39 7 20 31 25 21 40 24 10 15 19 5 17 1 12 46 22 23 26 0 6 41 42 
FO: 1948.00000
Best time: 0.192
Total time:25.229 


Instance: /Random/random-20-50-2-strongly-corr.in
Sol: 0 19 14 15 2 8 12 5 1 3 9 7 17 4 16 11 6 13 10 18 0 -18 38 -40 -44 3 2 14 32 -41 -48 13 -36 19 20 42 24 41 27 -45 -31 23 -38 22 5 -32 18 -16 -35 -2 -7 28 11 -30 -50 26 36 -46 16 9 -26 -9 46 -5 -22 7 -11 -34 12 -49 
FO: 2307.00000
Best time: 1.296
Total time:25.077 


Instance: /Random/random-20-50-2-uncorr.in
Sol: 0 19 14 15 12 2 8 5 1 9 3 7 17 4 16 11 6 13 10 18 1 47 18 29 20 17 42 41 13 46 7 16 44 8 34 36 3 33 0 31 14 25 45 22 48 10 15 35 26 38 4 9 6 24 32 49 39 19 5 37 23 43 2 12 21 11 40 28 27 30 
FO: 2099.00000
Best time: 0.342
Total time:26.776 


Instance: /Random/random-20-50-3-strongly-corr.in
Sol: 0 7 8 17 13 16 19 14 9 11 6 3 1 18 4 5 10 2 15 12 8 41 48 20 10 16 11 4 42 24 17 37 25 12 18 33 38 35 32 0 40 44 14 7 47 43 29 6 13 28 2 26 30 9 5 1 36 27 3 19 34 21 31 49 46 23 15 39 45 22 
FO: 2726.00000
Best time: 0.573
Total time:25.468 


Instance: /Random/random-20-50-3-uncorr.in
Sol: 0 12 15 2 10 5 4 18 1 3 14 6 11 9 19 16 13 17 8 7 0 -42 22 2 -25 37 -13 -45 -48 17 19 -43 29 -36 -22 -2 30 28 -16 34 20 18 -9 16 39 11 -28 25 -34 -10 -41 23 -7 48 -39 -32 -15 -33 -6 7 -27 49 -37 -14 -11 3 -47 -44 -46 -5 
FO: 2539.00000
Best time: 1.644
Total time:25.921 


Instance: /Random/random-30-100-1-strongly-corr.in
Sol: 0 23 14 3 24 19 8 25 28 4 9 20 26 1 7 17 29 13 6 5 12 16 18 22 27 21 11 15 10 2 91 7 45 58 50 79 67 98 81 21 37 56 35 52 44 55 8 6 9 93 54 80 53 90 88 61 30 4 20 23 74 12 76 69 63 66 49 3 39 84 26 25 87 29 41 40 16 10 24 19 17 82 77 86 78 70 31 43 11 60 34 22 57 72 0 59 92 48 42 38 36 27 65 97 95 18 32 33 73 2 64 68 46 94 83 99 13 47 85 96 15 14 75 89 51 28 71 62 1 5 
FO: 2690.00000
Best time: 11.243
Total time:51.549 


Instance: /Random/random-30-100-1-uncorr.in
Sol: 0 23 25 2 10 15 28 4 9 26 20 11 21 27 22 18 16 12 5 17 7 1 8 24 6 13 29 19 3 14 90 27 62 97 80 74 73 10 5 54 99 96 17 47 53 35 77 56 61 66 85 15 6 51 32 94 38 25 60 58 68 63 75 87 18 26 76 41 52 31 14 30 71 79 55 84 33 3 82 78 48 45 64 43 37 22 0 36 57 34 7 69 24 83 65 8 88 49 91 1 16 98 93 89 13 46 81 40 70 4 28 11 20 59 12 21 39 72 95 2 42 19 67 44 50 9 92 23 86 29 
FO: 2373.00000
Best time: 1.089
Total time:50.344 


Instance: /Random/random-30-100-2-strongly-corr.in
Sol: 0 16 25 15 27 18 13 1 23 2 10 6 11 12 24 21 8 14 5 4 19 20 29 7 9 26 28 22 3 17 0 -19 9 -17 95 65 87 67 -32 5 -63 -39 -50 50 -43 34 -24 19 97 52 55 -67 -72 45 80 8 -74 36 -61 -69 -42 90 -85 -92 -5 -71 -33 3 29 -45 54 -79 -93 12 59 -77 -52 57 47 -87 -100 21 48 -97 -59 -75 -76 -86 -90 -70 61 -7 -3 -57 11 -16 -14 -36 -73 -23 -2 -89 -38 27 -26 -40 28 -11 -15 -83 -78 -82 -44 -47 -21 -27 -84 -80 -18 24 -31 -64 -95 -99 -94 64 -34 -41 -54 -8 
FO: 2571.00000
Best time: 5.046
Total time:50.222 


Instance: /Random/random-30-100-2-uncorr.in
Sol: 0 17 22 28 13 1 23 2 11 9 7 20 29 19 4 5 14 8 21 24 12 6 10 26 3 18 27 15 25 16 4 79 54 12 76 91 37 65 55 39 0 17 24 90 85 69 34 57 60 56 86 95 20 53 62 16 36 35 94 13 96 25 15 40 97 30 81 47 41 70 48 98 22 77 6 87 44 75 73 92 49 23 64 72 78 88 7 14 19 66 29 61 51 58 67 38 10 43 11 3 31 45 84 18 80 42 89 5 93 8 2 68 63 46 32 83 27 99 59 21 9 71 33 74 26 50 1 82 52 28 
FO: 1902.00000
Best time: 8.385
Total time:55.566 


Instance: /Random/random-30-100-3-strongly-corr.in
Sol: 0 7 12 3 16 14 10 29 4 19 24 21 2 5 25 20 26 18 23 1 28 22 17 27 6 11 9 15 8 13 -1 49 -22 53 -43 -14 2 46 50 67 -60 70 17 -12 79 -33 -61 98 -67 61 36 -36 83 -19 -81 -49 -93 28 58 37 40 -25 -100 44 -69 1 -20 -6 25 -64 -66 7 -39 -82 -52 52 74 -13 -17 -77 -78 -35 29 15 69 57 -94 -73 -83 -40 10 -24 -9 43 -7 87 -74 -87 -89 22 20 -5 -63 -92 -96 -31 -97 -72 -85 -79 -57 -42 -56 -48 -15 -4 -90 -46 -55 90 -65 -10 -28 -27 -95 -34 -86 -32 -76 -98 
FO: 2326.00000
Best time: 8.818
Total time:50.458 


Instance: /Random/random-30-100-3-uncorr.in
Sol: 0 7 12 3 16 14 24 21 2 19 10 29 4 27 6 11 9 22 28 1 23 5 25 20 26 18 17 8 13 15 -1 64 -9 -6 -69 -35 -20 -19 17 -98 87 -86 -39 -78 -59 41 -61 43 23 -40 95 33 36 -97 91 48 10 56 -82 11 70 28 9 72 79 -4 -56 -76 -83 84 -28 83 -53 -62 88 99 -74 40 29 -68 -81 -5 -13 -94 98 65 -17 -91 2 -46 74 76 -22 -25 -2 20 -51 -47 22 51 37 -27 -90 -60 25 63 15 -36 -7 -45 -33 7 -93 -48 -54 -79 -72 -15 -63 -70 -32 -55 -58 -50 -43 -31 -95 -67 -87 -14 
FO: 1793.00000
Best time: 2.974
Total time:50.072 
