

Instance: /Random/random-5-10-1-strongly-corr.in
Sol: 0 4 1 3 2 0 4 2 5 8 1 7 -7 3 9 
FO: 1473.00000
Best time: 0.007
Total time:31.994 


Instance: /Random/random-5-10-1-uncorr.in
Sol: 0 4 1 3 2 0 5 2 3 1 8 4 7 9 -7 
FO: 1576.00000
Best time: 0.006
Total time:33.795 


Instance: /Random/random-5-10-2-strongly-corr.in
Sol: 0 2 1 4 3 0 5 7 6 -3 -2 8 3 9 4 
FO: 1670.00000
Best time: 0.006
Total time:32.385 


Instance: /Random/random-5-10-2-uncorr.in
Sol: 0 2 1 4 3 0 -2 9 7 5 4 8 6 3 -3 
FO: 1629.00000
Best time: 0.006
Total time:32.146 


Instance: /Random/random-5-10-3-strongly-corr.in
Sol: 0 4 2 1 3 0 8 9 4 2 7 -6 -4 6 -2 
FO: 2279.00000
Best time: 0.006
Total time:32.425 


Instance: /Random/random-5-10-3-uncorr.in
Sol: 0 3 1 2 4 0 4 3 5 8 -8 6 -10 2 1 
FO: 2259.00000
Best time: 0.006
Total time:30.313 


Instance: /Random/random-10-20-1-strongly-corr.in
Sol: 0 8 2 3 5 9 7 6 4 1 0 7 19 14 -17 9 18 6 15 11 13 12 -9 17 -6 -4 4 10 2 -2 
FO: 1703.00000
Best time: 0.050
Total time:64.923 


Instance: /Random/random-10-20-1-uncorr.in
Sol: 0 5 9 7 6 4 1 3 2 8 4 16 7 -2 14 5 18 9 -11 8 -3 11 -16 -18 13 -20 6 -4 -1 12 
FO: 1820.00000
Best time: 0.099
Total time:65.206 


Instance: /Random/random-10-20-2-strongly-corr.in
Sol: 0 3 2 8 1 5 6 7 4 9 0 -3 -20 -9 -6 9 -2 16 10 12 18 -18 -7 7 14 15 11 4 3 13 
FO: 1945.00000
Best time: 0.029
Total time:64.780 


Instance: /Random/random-10-20-2-uncorr.in
Sol: 0 3 2 8 1 5 6 7 4 9 0 7 -18 -20 -3 10 18 -6 14 -9 9 16 13 3 4 12 -2 15 -7 11 
FO: 1793.00000
Best time: 0.038
Total time:63.586 


Instance: /Random/random-10-20-3-strongly-corr.in
Sol: 0 5 3 4 1 8 7 2 9 6 0 17 15 4 13 3 -17 2 1 14 -20 12 7 9 10 11 8 5 -7 18 
FO: 1194.00000
Best time: 0.037
Total time:66.519 


Instance: /Random/random-10-20-3-uncorr.in
Sol: 0 5 3 4 1 8 7 2 9 6 11 9 -7 18 12 10 -20 14 13 2 4 5 -17 17 15 7 8 0 3 1 
FO: 1270.00000
Best time: 0.079
Total time:65.303 


Instance: /Random/random-20-50-1-strongly-corr.in
Sol: 0 17 16 3 10 5 11 12 19 4 13 8 2 9 7 18 1 6 15 14 -1 -2 -3 -4 -5 5 -7 7 8 -10 -11 11 12 13 14 -16 -17 -18 -19 -20 -21 21 22 -24 -25 25 26 27 28 -30 -31 -32 -33 33 34 -36 36 37 38 -40 -41 41 42 -44 44 45 -47 47 -49 49 
FO: 2247.00000
Best time: 2.044
Total time:323.059 


Instance: /Random/random-20-50-1-uncorr.in
Sol: 0 17 16 3 10 5 4 11 12 19 13 8 2 9 7 18 1 6 15 14 -1 -2 2 -4 4 5 -7 7 8 -10 -11 11 12 13 14 -16 -17 -18 -19 -20 -21 21 -23 -24 -25 25 26 27 28 -30 -31 -32 -33 33 -35 35 36 37 38 -40 40 -42 42 -44 44 45 -47 47 -49 49 
FO: 1943.00000
Best time: 6.093
Total time:180.319 


Instance: /Random/random-20-50-2-strongly-corr.in
Sol: 0 19 14 15 2 8 12 5 1 3 9 7 17 4 16 11 6 13 18 10 0 2 23 9 12 28 -18 -45 24 18 -7 42 13 20 -31 -35 -40 -38 26 -48 3 27 16 -36 -32 19 5 32 22 41 46 38 -26 -22 -2 7 -34 -30 -5 36 -44 -49 -46 -16 11 -15 -11 -9 -50 -41 
FO: 2307.00000
Best time: 0.561
Total time:300.638 


Instance: /Random/random-20-50-2-uncorr.in
Sol: 0 19 14 15 12 2 8 5 1 9 3 7 17 4 16 11 6 13 10 18 -2 -48 18 29 20 -18 42 41 13 46 7 16 -45 8 -35 36 3 33 0 -32 14 -26 45 22 -49 10 -16 35 26 -39 -5 9 -7 24 -33 -50 -40 19 -6 -38 23 -44 -3 12 -22 11 -41 -29 27 -31 
FO: 2099.00000
Best time: 3.558
Total time:188.876 


Instance: /Random/random-20-50-3-strongly-corr.in
Sol: 0 7 8 17 13 16 19 14 9 11 6 3 1 18 4 5 10 2 15 12 8 41 48 -21 10 -17 -12 -5 42 24 17 -38 -26 12 -19 33 38 35 32 -1 40 44 -15 -8 47 -44 -30 6 -14 -29 -3 26 -31 -10 5 -2 -37 27 -4 -20 -35 21 31 -50 -47 -24 15 -40 -46 -23 
FO: 2726.00000
Best time: 0.966
Total time:194.971 


Instance: /Random/random-20-50-3-uncorr.in
Sol: 0 12 15 2 10 5 4 18 1 3 14 11 6 9 19 16 13 17 8 7 0 -2 2 3 4 -6 -7 7 -9 -10 -11 11 -13 -14 -15 -16 16 17 18 19 -21 -22 22 23 -25 25 -27 -28 28 29 30 -32 -33 -34 34 -36 -37 37 -39 39 -41 -42 -43 -44 -45 45 -47 -48 48 49 
FO: 2526.00000
Best time: 2.186
Total time:196.410 


Instance: /Random/random-30-100-1-strongly-corr.in
Sol: 0 23 14 3 24 19 8 25 28 4 9 20 26 1 7 17 29 13 6 5 12 16 18 27 22 21 11 15 10 2 -1 -2 -3 -4 -5 5 6 7 8 9 -11 -12 -13 -14 -15 -16 16 17 -19 -20 -21 -22 -23 -24 24 -26 26 -28 28 29 -31 -32 -33 -34 -35 35 -37 37 -39 -40 -41 -42 -43 43 44 45 -47 -48 -49 -50 -51 -52 -53 53 -55 55 56 57 58 59 60 -62 -63 -64 -65 -66 66 -68 -69 -70 70 -72 -73 73 -75 -76 -77 77 -79 79 -81 81 82 -84 -85 -86 -87 87 -89 -90 90 91 92 -94 -95 -96 -97 -98 98 -100 
FO: 2647.00000
Best time: 5.985
Total time:516.658 


Instance: /Random/random-30-100-1-uncorr.in
Sol: 0 23 25 2 10 15 28 4 9 26 20 11 21 27 22 18 16 12 5 6 13 29 17 7 1 8 19 24 3 14 -1 1 -3 -4 -5 5 -7 -8 -9 -10 -11 -12 -13 -14 14 15 -17 -18 18 -20 -21 -22 -23 23 -25 25 -27 27 28 -30 -31 -32 32 33 -35 35 36 -38 38 -40 -41 41 -43 -44 -45 -46 -47 47 48 -50 -51 51 -53 -54 54 -56 56 -58 -59 59 -61 -62 62 -64 64 -66 -67 -68 -69 -70 -71 -72 -73 -74 74 -76 76 -78 78 -80 80 -82 -83 83 -85 85 -87 87 -89 89 90 -92 -93 93 94 95 96 -98 -99 99 
FO: 2219.00000
Best time: 48.139
Total time:557.413 


Instance: /Random/random-30-100-2-strongly-corr.in
Sol: 0 15 16 25 4 5 14 8 21 24 12 11 6 9 7 29 19 20 26 10 2 23 1 13 18 27 28 22 3 17 -1 -2 2 -4 -5 -6 -7 -8 -9 -10 10 11 -13 -14 -15 -16 -17 -18 -19 -20 -21 21 -23 -24 24 -26 26 27 28 -30 -31 -32 32 -34 -35 -36 -37 37 -39 -40 40 -42 -43 43 -45 -46 -47 -48 -49 49 -51 -52 -53 53 -55 55 56 57 58 -60 -61 -62 62 63 -65 -66 -67 -68 -69 69 70 -72 72 -74 -75 -76 76 77 -79 -80 -81 81 -83 83 84 -86 -87 -88 88 -90 -91 91 92 -94 -95 95 -97 97 -99 99 
FO: 2581.00000
Best time: 6.692
Total time:405.789 


Instance: /Random/random-30-100-2-uncorr.in
Sol: 0 15 16 25 4 5 14 8 21 24 12 6 10 26 13 1 23 2 11 9 7 29 20 19 3 22 28 18 27 17 -1 -2 2 -4 -5 -6 -7 -8 -9 -10 -11 11 -13 13 14 -16 16 -18 -19 -20 -21 -22 -23 -24 24 -26 -27 -28 -29 29 -31 -32 -33 33 34 35 -37 37 -39 39 40 -42 -43 -44 -45 -46 -47 -48 48 49 -51 -52 -53 53 54 55 56 57 58 -60 -61 61 62 -64 -65 -66 -67 -68 -69 69 70 -72 72 -74 -75 -76 76 -78 -79 -80 -81 -82 -83 83 84 85 -87 87 88 -90 90 91 92 -94 94 95 -97 97 -99 -100 
FO: 1935.00000
Best time: 6.009
Total time:418.787 


Instance: /Random/random-30-100-3-strongly-corr.in
Sol: 0 7 12 3 16 14 24 19 10 29 4 21 2 5 20 25 26 18 23 1 28 22 17 27 6 11 9 15 8 13 -1 1 2 -4 -5 -6 -7 7 -9 -10 10 -12 -13 -14 -15 15 -17 17 -19 -20 20 -22 22 -24 -25 25 -27 -28 28 29 -31 -32 -33 -34 -35 -36 36 37 -39 -40 40 -42 -43 43 44 -46 46 -48 -49 49 50 -52 52 53 -55 -56 -57 57 58 -60 -61 61 -63 -64 -65 -66 -67 67 -69 69 70 -72 -73 -74 74 -76 -77 -78 -79 79 -81 -82 -83 83 84 -86 -87 87 -89 -90 90 -92 -93 -94 -95 -96 -97 -98 98 -100 
FO: 2304.00000
Best time: 5.692
Total time:427.277 


Instance: /Random/random-30-100-3-uncorr.in
Sol: 0 7 12 3 16 14 24 19 10 29 4 21 2 5 25 20 26 18 23 1 22 28 17 27 6 11 9 8 13 15 -1 20 76 -19 -43 79 89 10 15 23 95 58 17 70 -39 26 28 98 -13 -31 -6 -78 36 52 82 -65 11 56 -76 -49 -40 74 90 -66 61 40 37 41 9 -64 -33 86 -55 -93 33 -28 -22 84 25 -5 29 -81 -2 43 -25 87 -84 -69 -97 -86 22 -82 -4 -20 -46 -35 -9 -54 -32 -79 -3 -67 67 99 -14 -70 -61 7 -89 -98 -45 -50 -36 -92 -74 -47 -7 -73 -95 -63 -56 -58 -94 -48 -51 -17 -60 -52 -72 -15 
FO: 1571.00000
Best time: 1.532
Total time:393.654 
